0,456
0,455
0,454
0,453
0,452
0,451
0,450
0,449
0,448
0,447
0,446
0,445
0,444
0,443
0,442
0,441
0,440
0,439
0,438
0,437
0,436
0,435
0,434
77,3
77,2
0,433
77,1
77,0
0,432
0,431
0,430
0,429
0,428
0,427
76,3
76,2
0,426
76,1
76,0
0,425
0,424
75,7
75,6
75,5
75,4
75,3
75,2
0,423
75,1
75,0
0,422
0,421
0,420
0,419
0,418
0,417
0,416
0,415
0,414
0,413
0,412
74,7
74,6
74,5
74,4
74,3
74,2
0,411
74,1
74,0
0,410
0,409
73,7
73,6
73,5
73,4
73,3
73,2
73,1
73,0
72,3
72,2
72,1
72,0
0,408
71,3
71,2
0,407
71,1
71,0
0,406
0,278
0,9
0,405
0,404
0,403
0,386
70,35
3,2
10,164
10,282
10,144
