<?xml version="1.0" encoding="UTF-8" standalone="no"?>
<!DOCTYPE svg PUBLIC "-//W3C//DTD SVG 20010904//EN"
              "http://www.w3.org/TR/2001/REC-SVG-20010904/DTD/svg10.dtd">

<svg xmlns="http://www.w3.org/2000/svg"
     width="45.724mm" height="21.1685mm"
     viewBox="0 0 162 75">
  <path id="選択範囲"
        fill="none" stroke="black" stroke-width="1"
        d="M 0.00,0.00
           C 0.00,0.00 0.00,75.00 0.00,75.00
             0.00,75.00 162.00,75.00 162.00,75.00
             162.00,75.00 162.00,0.00 162.00,0.00
             162.00,0.00 0.00,0.00 0.00,0.00 Z
           M 20.13,13.66
           C 27.03,13.15 26.36,19.91 22.78,21.38
             18.24,23.24 14.35,17.53 20.13,13.66 Z
           M 41.11,18.71
           C 46.58,19.07 44.78,24.15 41.96,24.55
             39.35,24.93 36.43,21.38 41.11,18.71 Z
           M 82.00,20.00
           C 82.00,20.00 81.00,25.00 81.00,25.00
             73.67,26.20 74.02,29.60 74.00,36.00
             74.00,36.00 80.00,35.00 80.00,35.00
             80.00,35.00 81.00,41.00 81.00,41.00
             81.00,41.00 74.00,41.00 74.00,41.00
             74.00,41.00 74.00,63.00 74.00,63.00
             74.00,63.00 66.00,63.00 66.00,63.00
             66.00,63.00 66.00,41.00 66.00,41.00
             66.00,41.00 61.00,41.00 61.00,41.00
             61.00,41.00 62.00,35.00 62.00,35.00
             62.00,35.00 66.00,36.00 66.00,36.00
             66.61,23.02 69.37,20.01 82.00,20.00 Z
           M 111.22,22.62
           C 119.06,21.43 118.92,28.80 114.86,30.38
             110.32,32.15 105.24,26.91 111.22,22.62 Z
           M 126.22,22.62
           C 134.06,21.43 133.92,28.80 129.86,30.38
             125.32,32.15 120.24,26.91 126.22,22.62 Z
           M 29.00,36.00
           C 35.36,28.20 40.63,30.42 40.64,35.05
             40.65,39.05 35.38,45.79 35.88,51.00
             36.28,55.26 40.85,59.36 43.00,64.00
             27.35,62.59 15.07,54.06 16.04,37.00
             16.17,34.77 16.45,32.96 17.74,31.06
             22.91,23.46 27.78,29.65 29.00,36.00 Z
           M 92.00,37.07
           C 97.35,34.04 98.98,33.29 105.00,35.00
             104.57,36.98 104.26,39.66 102.44,40.90
             100.51,42.23 97.20,40.97 94.60,44.24
             92.10,47.39 93.00,58.69 93.00,63.00
             93.00,63.00 84.80,63.00 84.80,63.00
             84.80,63.00 84.80,37.07 84.80,37.07
             85.10,33.90 90.05,32.31 92.00,37.07 Z
           M 117.00,34.00
           C 117.00,34.00 117.00,63.00 117.00,63.00
             117.00,63.00 108.00,63.00 108.00,63.00
             108.00,63.00 108.00,34.00 108.00,34.00
             108.00,34.00 117.00,34.00 117.00,34.00 Z
           M 132.00,34.00
           C 132.00,34.00 132.00,63.00 132.00,63.00
             132.00,63.00 123.00,63.00 123.00,63.00
             123.00,63.00 123.00,34.00 123.00,34.00
             123.00,34.00 132.00,34.00 132.00,34.00 Z" />
</svg>
